[38;2;24;20;21m[48;2;18;14;16m▀[38;2;24;20;21m[48;2;18;14;16m▀[38;2;23;19;20m[48;2;19;14;14m▀[38;2;27;21;20m[48;2;22;16;13m▀[38;2;27;22;20m[48;2;28;22;18m▀[38;2;25;20;18m[48;2;34;30;22m▀[38;2;25;20;18m[48;2;34;30;22m▀[38;2;26;22;22m[48;2;45;39;28m▀[38;2;27;24;23m[48;2;56;51;37m▀[38;2;31;27;24m[48;2;60;56;41m▀[38;2;61;58;42m[48;2;60;58;47m▀[38;2;61;58;42m[48;2;60;58;47m▀[38;2;64;61;43m[48;2;52;51;48m▀[38;2;60;57;40m[48;2;64;67;70m▀[38;2;61;58;41m[48;2;75;81;89m▀[38;2;58;56;43m[48;2;83;92;107m▀[38;2;58;56;43m[48;2;83;92;107m▀[38;2;60;60;54m[48;2;90;102;121m▀[38;2;62;64;63m[48;2;96;107;129m▀[38;2;68;75;86m[48;2;91;103;124m▀[38;2;90;102;121m[48;2;90;101;123m▀[38;2;90;102;121m[48;2;90;101;123m▀[38;2;86;98;115m[48;2;91;103;124m▀[38;2;86;98;115m[48;2;88;100;122m▀[38;2;84;97;116m[48;2;86;98;121m▀[38;2;80;92;113m[48;2;85;96;120m▀[38;2;80;92;113m[48;2;85;96;120m▀[38;2;81;94;114m[48;2;82;94;116m▀[38;2;79;92;110m[48;2;79;91;113m▀[38;2;74;86;107m[48;2;74;86;107m▀[38;2;68;70;69m[48;2;67;76;94m▀[38;2;68;70;69m[48;2;67;76;94m▀[38;2;91;89;65m[48;2;84;83;63m▀[38;2;109;108;86m[48;2;110;108;84m▀[38;2;105;104;84m[48;2;108;107;86m▀[38;2;102;103;83m[48;2;104;103;84m▀[38;2;102;103;83m[48;2;104;103;84m▀[38;2;79;79;64m[48;2;83;81;66m▀[38;2;35;29;25m[48;2;33;28;25m▀[38;2;51;49;35m[48;2;47;44;33m▀[38;2;53;50;37m[48;2;46;42;32m▀[38;2;53;50;37m[48;2;46;42;32m▀[38;2;33;28;24m[48;2;31;25;21m▀[38;2;39;35;27m[48;2;42;38;30m▀[38;2;41;37;31m[48;2;42;37;30m▀[38;2;39;36;30m[48;2;39;35;29m▀[38;2;39;36;30m[48;2;39;35;29m▀[38;2;28;24;24m[48;2;27;23;25m▀[38;2;22;19;24m[48;2;23;19;25m▀[38;2;22;19;24m[48;2;23;20;25m▀[0m
[38;2;53;61;76m[48;2;83;96;119m▀[38;2;53;61;76m[48;2;83;96;119m▀[38;2;47;53;67m[48;2;83;95;118m▀[38;2;38;42;50m[48;2;82;94;117m▀[38;2;57;60;63m[48;2;74;86;109m▀[38;2;68;72;70m[48;2;82;93;118m▀[38;2;68;72;70m[48;2;82;93;118m▀[38;2;63;68;66m[48;2;84;96;121m▀[38;2;69;76;81m[48;2;86;98;121m▀[38;2;74;83;96m[48;2;93;105;128m▀[38;2;81;92;110m[48;2;99;110;134m▀[38;2;81;92;110m[48;2;99;110;134m▀[38;2;87;98;120m[48;2;101;112;136m▀[38;2;90;102;127m[48;2;102;112;137m▀[38;2;101;113;138m[48;2;99;110;135m▀[38;2;99;112;135m[48;2;98;109;134m▀[38;2;99;112;135m[48;2;98;109;134m▀[38;2;98;110;132m[48;2;97;109;133m▀[38;2;93;105;130m[48;2;94;106;132m▀[38;2;93;105;129m[48;2;94;106;132m▀[38;2;91;102;127m[48;2;94;106;132m▀[38;2;91;102;127m[48;2;94;106;132m▀[38;2;92;104;129m[48;2;94;106;132m▀[38;2;92;103;128m[48;2;94;106;132m▀[38;2;88;100;126m[48;2;92;104;130m▀[38;2;87;99;124m[48;2;89;101;127m▀[38;2;87;99;124m[48;2;89;101;127m▀[38;2;85;97;122m[48;2;87;99;124m▀[38;2;81;93;117m[48;2;85;97;121m▀[38;2;76;88;110m[48;2;80;92;115m▀[38;2;69;82;107m[48;2;76;89;114m▀[38;2;69;82;107m[48;2;76;89;114m▀[38;2;65;67;65m[48;2;59;65;80m▀[38;2;101;100;74m[48;2;73;70;50m▀[38;2;113;112;91m[48;2;114;112;88m▀[38;2;106;104;85m[48;2;102;101;79m▀[38;2;106;104;85m[48;2;102;101;79m▀[38;2;83;81;66m[48;2;85;82;67m▀[38;2;33;28;25m[48;2;42;39;30m▀[38;2;37;35;27m[48;2;44;41;32m▀[38;2;36;31;24m[48;2;32;28;24m▀[38;2;36;31;24m[48;2;32;28;24m▀[38;2;35;29;24m[48;2;42;38;30m▀[38;2;43;39;32m[48;2;46;43;33m▀[38;2;41;36;30m[48;2;44;40;32m▀[38;2;39;35;28m[48;2;39;35;29m▀[38;2;39;35;28m[48;2;39;35;29m▀[38;2;26;22;25m[48;2;23;21;25m▀[38;2;24;20;25m[48;2;22;20;25m▀[38;2;22;20;25m[48;2;22;20;25m▀[0m
[38;2;97;109;135m[48;2;101;113;140m▀[38;2;97;109;135m[48;2;101;113;140m▀[38;2;94;106;132m[48;2;101;112;138m▀[38;2;98;110;135m[48;2;101;112;138m▀[38;2;95;107;133m[48;2;101;113;139m▀[38;2;96;107;132m[48;2;100;112;138m▀[38;2;96;107;132m[48;2;100;112;138m▀[38;2;98;108;133m[48;2;102;114;140m▀[38;2;98;109;135m[48;2;101;113;139m▀[38;2;100;111;138m[48;2;103;115;140m▀[38;2;101;113;139m[48;2;103;115;141m▀[38;2;101;113;139m[48;2;103;115;141m▀[38;2;101;113;138m[48;2;104;116;143m▀[38;2;103;115;141m[48;2;104;116;142m▀[38;2;102;114;140m[48;2;102;114;140m▀[38;2;101;113;139m[48;2;101;113;139m▀[38;2;101;113;139m[48;2;101;113;139m▀[38;2;101;113;139m[48;2;102;114;140m▀[38;2;97;108;135m[48;2;101;112;140m▀[38;2;95;106;134m[48;2;98;109;135m▀[38;2;94;106;132m[48;2;97;109;134m▀[38;2;94;106;132m[48;2;97;109;134m▀[38;2;94;106;132m[48;2;97;109;135m▀[38;2;93;105;131m[48;2;97;109;135m▀[38;2;91;103;129m[48;2;97;109;136m▀[38;2;90;102;127m[48;2;96;108;135m▀[38;2;90;102;127m[48;2;96;108;135m▀[38;2;87;99;124m[48;2;94;108;135m▀[38;2;85;97;121m[48;2;90;103;130m▀[38;2;81;93;117m[48;2;83;97;120m▀[38;2;81;94;120m[48;2;61;70;88m▀[38;2;81;94;120m[48;2;61;70;88m▀[38;2;71;82;107m[48;2;62;70;84m▀[38;2;49;45;37m[48;2;47;45;48m▀[38;2;107;106;80m[48;2;94;91;67m▀[38;2;104;103;80m[48;2;111;110;88m▀[38;2;104;103;80m[48;2;111;110;88m▀[38;2;83;80;65m[48;2;85;83;67m▀[38;2;46;43;35m[48;2;49;46;38m▀[38;2;43;41;32m[48;2;34;29;26m▀[38;2;27;21;20m[48;2;22;16;15m▀[38;2;27;21;20m[48;2;22;16;15m▀[38;2;41;37;30m[48;2;29;21;18m▀[38;2;43;39;31m[48;2;29;22;19m▀[38;2;42;38;31m[48;2;28;23;19m▀[38;2;36;32;28m[48;2;26;21;20m▀[38;2;36;32;28m[48;2;26;21;20m▀[38;2;23;20;25m[48;2;24;21;26m▀[38;2;23;20;25m[48;2;22;20;25m▀[38;2;22;20;25m[48;2;23;21;26m▀[0m
[38;2;103;114;140m[48;2;104;115;141m▀[38;2;103;114;140m[48;2;104;115;141m▀[38;2;103;113;138m[48;2;104;115;140m▀[38;2;102;112;138m[48;2;102;113;139m▀[38;2;102;115;141m[48;2;103;115;141m▀[38;2;103;115;141m[48;2;102;114;139m▀[38;2;103;115;141m[48;2;102;114;139m▀[38;2;104;116;142m[48;2;104;116;142m▀[38;2;104;116;142m[48;2;106;118;144m▀[38;2;105;117;143m[48;2;106;118;144m▀[38;2;105;116;143m[48;2;107;119;145m▀[38;2;105;116;143m[48;2;107;119;145m▀[38;2;106;117;144m[48;2;108;120;146m▀[38;2;106;118;145m[48;2;109;121;147m▀[38;2;105;117;144m[48;2;108;120;146m▀[38;2;103;115;141m[48;2;106;117;143m▀[38;2;103;115;141m[48;2;106;117;143m▀[38;2;104;115;141m[48;2;107;120;149m▀[38;2;106;117;144m[48;2;100;113;144m▀[38;2;108;122;150m[48;2;75;84;100m▀[38;2;107;120;149m[48;2;56;61;72m▀[38;2;107;120;149m[48;2;56;61;72m▀[38;2;105;118;146m[48;2;50;53;64m▀[38;2;97;110;136m[48;2;35;35;43m▀[38;2;86;97;119m[48;2;34;36;38m▀[38;2;90;101;123m[48;2;37;37;36m▀[38;2;90;101;123m[48;2;37;37;36m▀[38;2;67;74;91m[48;2;23;15;12m▀[38;2;64;69;76m[48;2;24;18;11m▀[38;2;43;45;46m[48;2;71;59;35m▀[38;2;53;45;30m[48;2;148;142;128m▀[38;2;53;45;30m[48;2;148;142;128m▀[38;2;108;109;111m[48;2;115;130;157m▀[38;2;54;59;73m[48;2;62;71;91m▀[38;2;72;68;48m[48;2;48;43;30m▀[38;2;114;113;92m[48;2;112;112;88m▀[38;2;114;113;92m[48;2;112;112;88m▀[38;2;93;91;74m[48;2;94;92;76m▀[38;2;32;26;23m[48;2;31;26;23m▀[38;2;23;18;17m[48;2;27;23;19m▀[38;2;29;22;19m[48;2;29;23;19m▀[38;2;29;22;19m[48;2;29;23;19m▀[38;2;30;22;18m[48;2;28;21;18m▀[38;2;29;21;18m[48;2;28;22;19m▀[38;2;28;21;18m[48;2;27;21;17m▀[38;2;25;20;21m[48;2;25;20;22m▀[38;2;25;20;21m[48;2;25;20;22m▀[38;2;24;22;27m[48;2;25;21;27m▀[38;2;23;21;26m[48;2;23;21;26m▀[38;2;23;21;26m[48;2;24;21;26m▀[0m
[38;2;105;118;144m[48;2;107;119;145m▀[38;2;105;118;144m[48;2;107;119;145m▀[38;2;104;116;142m[48;2;106;118;144m▀[38;2;102;114;140m[48;2;103;115;141m▀[38;2;104;116;142m[48;2;105;117;143m▀[38;2;103;115;141m[48;2;105;117;143m▀[38;2;103;115;141m[48;2;105;117;143m▀[38;2;106;118;144m[48;2;106;118;144m▀[38;2;107;119;145m[48;2;108;120;146m▀[38;2;108;120;146m[48;2;109;121;147m▀[38;2;109;121;147m[48;2;109;121;147m▀[38;2;109;121;147m[48;2;109;121;147m▀[38;2;109;121;147m[48;2;111;123;149m▀[38;2;109;121;148m[48;2;111;121;151m▀[38;2;110;122;147m[48;2;116;127;155m▀[38;2;111;123;152m[48;2;94;106;131m▀[38;2;111;123;152m[48;2;94;106;131m▀[38;2;94;104;125m[48;2;96;88;68m▀[38;2;98;97;83m[48;2;136;122;89m▀[38;2;105;97;73m[48;2;171;168;158m▀[38;2;60;52;35m[48;2;156;148;120m▀[38;2;60;52;35m[48;2;156;148;120m▀[38;2;25;24;27m[48;2;50;40;29m▀[38;2;32;33;35m[48;2;21;20;26m▀[38;2;31;31;33m[48;2;35;32;29m▀[38;2;31;29;30m[48;2;33;31;28m▀[38;2;31;29;30m[48;2;33;31;28m▀[38;2;13;9;13m[48;2;29;26;24m▀[38;2;54;45;32m[48;2;70;60;40m▀[38;2;158;149;126m[48;2;95;92;81m▀[38;2;129;135;146m[48;2;24;21;26m▀[38;2;129;135;146m[48;2;24;21;26m▀[38;2;64;71;88m[48;2;13;5;4m▀[38;2;30;27;33m[48;2;17;10;10m▀[38;2;29;23;16m[48;2;22;16;16m▀[38;2;98;97;75m[48;2;78;76;56m▀[38;2;98;97;75m[48;2;78;76;56m▀[38;2;96;94;75m[48;2;100;99;77m▀[38;2;33;28;23m[48;2;33;29;24m▀[38;2;29;23;20m[48;2;30;25;21m▀[38;2;29;23;19m[48;2;31;26;22m▀[38;2;29;23;19m[48;2;31;26;22m▀[38;2;28;23;19m[48;2;33;28;24m▀[38;2;29;23;20m[48;2;30;25;21m▀[38;2;28;21;17m[48;2;28;23;19m▀[38;2;24;21;23m[48;2;24;21;24m▀[38;2;24;21;23m[48;2;24;21;24m▀[38;2;24;21;28m[48;2;24;21;27m▀[38;2;23;21;26m[48;2;24;20;26m▀[38;2;23;21;26m[48;2;23;21;26m▀[0m
[38;2;109;121;147m[48;2;110;122;148m▀[38;2;109;121;147m[48;2;110;122;148m▀[38;2;108;120;146m[48;2;108;120;145m▀[38;2;106;118;144m[48;2;109;120;146m▀[38;2;106;118;144m[48;2;107;119;145m▀[38;2;107;119;145m[48;2;108;120;146m▀[38;2;107;119;145m[48;2;108;120;146m▀[38;2;108;120;146m[48;2;109;121;147m▀[38;2;109;121;147m[48;2;110;122;148m▀[38;2;110;122;148m[48;2;111;123;149m▀[38;2;111;123;149m[48;2;113;125;151m▀[38;2;111;123;149m[48;2;113;125;151m▀[38;2;112;124;150m[48;2;113;125;151m▀[38;2;113;124;152m[48;2;115;124;154m▀[38;2;120;131;162m[48;2;119;130;161m▀[38;2;70;76;92m[48;2;66;68;79m▀[38;2;70;76;92m[48;2;66;68;79m▀[38;2;115;102;71m[48;2;113;102;70m▀[38;2;163;146;131m[48;2;185;170;154m▀[38;2;189;186;192m[48;2;199;191;191m▀[38;2;159;153;138m[48;2;179;172;160m▀[38;2;159;153;138m[48;2;179;172;160m▀[38;2;124;108;69m[48;2;167;156;132m▀[38;2;46;36;23m[48;2;75;60;38m▀[38;2;36;32;27m[48;2;25;17;14m▀[38;2;24;20;18m[48;2;71;66;49m▀[38;2;24;20;18m[48;2;71;66;49m▀[38;2;35;31;26m[48;2;44;37;27m▀[38;2;37;26;15m[48;2;37;30;20m▀[38;2;70;60;39m[48;2;30;24;18m▀[38;2;19;12;11m[48;2;17;14;17m▀[38;2;19;12;11m[48;2;17;14;17m▀[38;2;16;12;14m[48;2;60;70;91m▀[38;2;56;66;81m[48;2;89;107;133m▀[38;2;36;34;41m[48;2;49;51;61m▀[38;2;55;51;35m[48;2;21;14;9m▀[38;2;55;51;35m[48;2;21;14;9m▀[38;2;68;66;52m[48;2;27;22;18m▀[38;2;26;20;17m[48;2;33;25;21m▀[38;2;32;27;22m[48;2;37;33;26m▀[38;2;34;30;25m[48;2;35;30;25m▀[38;2;34;30;25m[48;2;35;30;25m▀[38;2;31;26;21m[48;2;29;21;18m▀[38;2;29;24;18m[48;2;30;23;19m▀[38;2;29;24;21m[48;2;31;27;23m▀[38;2;25;21;25m[48;2;24;21;26m▀[38;2;25;21;25m[48;2;24;21;26m▀[38;2;24;21;26m[48;2;23;21;27m▀[38;2;23;21;26m[48;2;24;21;26m▀[38;2;23;21;26m[48;2;23;20;26m▀[0m
[38;2;113;125;151m[48;2;112;124;150m▀[38;2;113;125;151m[48;2;112;124;150m▀[38;2;109;121;147m[48;2;110;122;148m▀[38;2;109;121;147m[48;2;107;119;145m▀[38;2;107;119;145m[48;2;107;119;145m▀[38;2;108;120;146m[48;2;110;121;148m▀[38;2;108;120;146m[48;2;110;121;148m▀[38;2;110;122;148m[48;2;111;122;148m▀[38;2;111;123;149m[48;2;112;124;150m▀[38;2;112;124;150m[48;2;113;125;151m▀[38;2;113;125;151m[48;2;113;125;151m▀[38;2;113;125;151m[48;2;113;125;151m▀[38;2;114;125;153m[48;2;114;125;152m▀[38;2;116;124;155m[48;2;116;126;154m▀[38;2;116;127;160m[48;2;117;129;160m▀[38;2;107;111;123m[48;2;110;116;128m▀[38;2;107;111;123m[48;2;110;116;128m▀[38;2;92;82;46m[48;2;91;80;50m▀[38;2;112;100;75m[48;2;78;68;43m▀[38;2;157;148;132m[48;2;92;77;43m▀[38;2;163;155;128m[48;2;121;108;67m▀[38;2;163;155;128m[48;2;121;108;67m▀[38;2;158;149;122m[48;2;139;127;82m▀[38;2;116;105;76m[48;2;163;157;129m▀[38;2;51;46;37m[48;2;139;134;111m▀[38;2;67;61;45m[48;2;104;99;85m▀[38;2;67;61;45m[48;2;104;99;85m▀[38;2;121;115;96m[48;2;226;221;222m▀[38;2;80;75;61m[48;2;189;184;182m▀[38;2;58;53;41m[48;2;105;102;88m▀[38;2;31;31;37m[48;2;35;29;25m▀[38;2;31;31;37m[48;2;35;29;25m▀[38;2;85;100;127m[48;2;36;34;42m▀[38;2;90;106;133m[48;2;76;85;105m▀[38;2;57;63;76m[48;2;66;75;92m▀[38;2;16;8;6m[48;2;17;10;8m▀[38;2;16;8;6m[48;2;17;10;8m▀[38;2;38;34;25m[48;2;40;37;27m▀[38;2;44;41;30m[48;2;47;45;32m▀[38;2;41;38;29m[48;2;40;34;25m▀[38;2;35;28;23m[48;2;38;29;22m▀[38;2;35;28;23m[48;2;38;29;22m▀[38;2;35;28;23m[48;2;37;33;24m▀[38;2;38;34;26m[48;2;44;42;29m▀[38;2;34;31;25m[48;2;36;33;27m▀[38;2;23;20;26m[48;2;24;20;27m▀[38;2;23;20;26m[48;2;24;20;27m▀[38;2;24;22;27m[48;2;24;21;27m▀[38;2;24;21;27m[48;2;23;21;26m▀[38;2;23;21;26m[48;2;23;21;26m▀[0m
[38;2;111;123;149m[48;2;112;123;149m▀[38;2;111;123;149m[48;2;112;123;149m▀[38;2;110;123;148m[48;2;111;122;149m▀[38;2;109;121;147m[48;2;111;122;149m▀[38;2;108;120;146m[48;2;110;121;148m▀[38;2;112;123;150m[48;2;112;122;149m▀[38;2;112;123;150m[48;2;112;122;149m▀[38;2;113;123;150m[48;2;112;124;151m▀[38;2;113;124;150m[48;2;112;123;150m▀[38;2;111;123;149m[48;2;112;122;149m▀[38;2;113;125;151m[48;2;115;125;152m▀[38;2;113;125;151m[48;2;115;125;152m▀[38;2;114;126;152m[48;2;115;127;153m▀[38;2;115;127;153m[48;2;116;128;154m▀[38;2;116;129;157m[48;2;116;128;154m▀[38;2;112;122;138m[48;2;118;128;143m▀[38;2;112;122;138m[48;2;118;128;143m▀[38;2;57;53;44m[48;2;153;152;149m▀[38;2;18;11;13m[48;2;97;91;71m▀[38;2;69;60;43m[48;2;51;44;32m▀[38;2;86;76;49m[48;2;66;59;50m▀[38;2;86;76;49m[48;2;66;59;50m▀[38;2;96;87;60m[48;2;67;60;50m▀[38;2;164;159;136m[48;2;153;144;128m▀[38;2;139;134;113m[48;2;133;124;106m▀[38;2;179;174;167m[48;2;175;165;157m▀[38;2;179;174;167m[48;2;175;165;157m▀[38;2;249;247;251m[48;2;109;102;101m▀[38;2;206;199;200m[48;2;55;45;39m▀[38;2;67;60;50m[48;2;52;49;44m▀[38;2;28;30;39m[48;2;60;68;83m▀[38;2;28;30;39m[48;2;60;68;83m▀[38;2;51;54;57m[48;2;97;100;103m▀[38;2;74;77;86m[48;2;57;63;77m▀[38;2;81;93;116m[48;2;56;61;75m▀[38;2;22;15;13m[48;2;22;16;15m▀[38;2;22;15;13m[48;2;22;16;15m▀[38;2;46;43;32m[48;2;59;55;39m▀[38;2;49;46;35m[48;2;72;70;52m▀[38;2;44;40;30m[48;2;65;63;46m▀[38;2;43;40;31m[48;2;65;63;48m▀[38;2;43;40;31m[48;2;65;63;48m▀[38;2;44;41;32m[48;2;61;59;45m▀[38;2;43;41;29m[48;2;54;51;39m▀[38;2;32;27;25m[48;2;39;36;31m▀[38;2;23;20;27m[48;2;27;25;30m▀[38;2;23;20;27m[48;2;27;25;30m▀[38;2;23;21;27m[48;2;23;20;26m▀[38;2;23;21;26m[48;2;21;17;24m▀[38;2;23;20;26m[48;2;19;14;24m▀[0m
[38;2;111;123;149m[48;2;114;126;152m▀[38;2;111;123;149m[48;2;114;126;152m▀[38;2;112;122;149m[48;2;111;123;149m▀[38;2;113;123;150m[48;2;113;123;150m▀[38;2;109;120;147m[48;2;109;119;146m▀[38;2;110;122;148m[48;2;109;121;147m▀[38;2;110;122;148m[48;2;109;121;147m▀[38;2;115;125;153m[48;2;114;124;151m▀[38;2;112;124;150m[48;2;112;122;149m▀[38;2;112;123;150m[48;2;112;124;150m▀[38;2;116;127;154m[48;2;115;126;152m▀[38;2;116;127;154m[48;2;115;126;152m▀[38;2;116;128;154m[48;2;122;133;162m▀[38;2;120;132;160m[48;2;94;103;126m▀[38;2;112;124;146m[48;2;86;89;94m▀[38;2;146;152;162m[48;2;201;200;210m▀[38;2;146;152;162m[48;2;201;200;210m▀[38;2;212;209;221m[48;2;220;215;226m▀[38;2;200;194;196m[48;2;229;223;233m▀[38;2;172;167;158m[48;2;240;235;244m▀[38;2;89;82;79m[48;2;183;176;176m▀[38;2;89;82;79m[48;2;183;176;176m▀[38;2;123;114;108m[48;2;171;159;149m▀[38;2;244;238;249m[48;2;228;216;214m▀[38;2;236;229;235m[48;2;212;199;196m▀[38;2;196;187;185m[48;2;188;178;178m▀[38;2;196;187;185m[48;2;188;178;178m▀[38;2;182;175;177m[48;2;217;206;206m▀[38;2;184;178;179m[48;2;208;202;203m▀[38;2;63;62;57m[48;2;30;27;31m▀[38;2;56;59;65m[48;2;11;6;9m▀[38;2;56;59;65m[48;2;11;6;9m▀[38;2;58;62;72m[48;2;12;5;5m▀[38;2;12;6;9m[48;2;32;33;43m▀[38;2;24;21;26m[48;2;72;82;104m▀[38;2;27;23;27m[48;2;54;48;47m▀[38;2;27;23;27m[48;2;54;48;47m▀[38;2;28;20;13m[48;2;29;17;8m▀[38;2;45;38;28m[48;2;31;23;18m▀[38;2;49;42;31m[48;2;32;22;18m▀[38;2;54;49;35m[48;2;31;22;17m▀[38;2;54;49;35m[48;2;31;22;17m▀[38;2;60;55;41m[48;2;30;21;17m▀[38;2;66;61;45m[48;2;31;21;17m▀[38;2;67;64;47m[48;2;32;23;16m▀[38;2;65;63;48m[48;2;34;27;19m▀[38;2;65;63;48m[48;2;34;27;19m▀[38;2;64;60;45m[48;2;39;32;23m▀[38;2;58;55;43m[48;2;43;36;26m▀[38;2;52;50;40m[48;2;47;41;30m▀[0m
[38;2;114;126;152m[48;2;113;124;152m▀[38;2;114;126;152m[48;2;113;124;152m▀[38;2;112;124;150m[48;2;110;122;148m▀[38;2;112;123;149m[48;2;110;120;147m▀[38;2;110;120;147m[48;2;110;120;147m▀[38;2;108;120;146m[48;2;109;120;146m▀[38;2;108;120;146m[48;2;109;120;146m▀[38;2;113;123;150m[48;2;111;122;148m▀[38;2;112;122;149m[48;2;110;122;147m▀[38;2;112;122;149m[48;2;110;120;148m▀[38;2;114;125;152m[48;2;116;125;157m▀[38;2;114;125;152m[48;2;116;125;157m▀[38;2;121;133;161m[48;2;110;119;143m▀[38;2;49;49;57m[48;2;38;35;31m▀[38;2;57;55;55m[48;2;50;47;39m▀[38;2;206;205;215m[48;2;166;166;167m▀[38;2;206;205;215m[48;2;166;166;167m▀[38;2;231;225;235m[48;2;230;226;238m▀[38;2;229;226;232m[48;2;232;229;236m▀[38;2;233;229;235m[48;2;234;231;236m▀[38;2;230;226;232m[48;2;236;233;239m▀[38;2;230;226;232m[48;2;236;233;239m▀[38;2;204;193;183m[48;2;239;235;243m▀[38;2;203;192;179m[48;2;235;231;240m▀[38;2;213;206;210m[48;2;225;221;225m▀[38;2;239;236;242m[48;2;202;196;193m▀[38;2;239;236;242m[48;2;202;196;193m▀[38;2;166;157;147m[48;2;199;195;187m▀[38;2;69;64;55m[48;2;81;80;78m▀[38;2;22;20;22m[48;2;4;0;0m▀[38;2;18;13;12m[48;2;44;49;60m▀[38;2;18;13;12m[48;2;44;49;60m▀[38;2;36;40;48m[48;2;82;98;121m▀[38;2;75;87;112m[48;2;85;99;125m▀[38;2;91;105;131m[48;2;90;101;123m▀[38;2;66;56;42m[48;2;96;75;45m▀[38;2;66;56;42m[48;2;96;75;45m▀[38;2;51;33;13m[48;2;74;53;23m▀[38;2;41;32;20m[48;2;50;34;17m▀[38;2;39;30;22m[48;2;45;31;17m▀[38;2;37;29;22m[48;2;41;32;21m▀[38;2;37;29;22m[48;2;41;32;21m▀[38;2;36;29;22m[48;2;36;27;20m▀[38;2;36;28;22m[48;2;35;26;20m▀[38;2;34;26;20m[48;2;36;28;21m▀[38;2;32;24;18m[48;2;35;27;21m▀[38;2;32;24;18m[48;2;35;27;21m▀[38;2;31;23;19m[48;2;37;29;23m▀[38;2;30;21;18m[48;2;35;28;22m▀[38;2;28;20;18m[48;2;35;27;23m▀[0m
[38;2;115;125;152m[48;2;114;125;152m▀[38;2;115;125;152m[48;2;114;125;152m▀[38;2;112;122;149m[48;2;111;121;148m▀[38;2;108;119;146m[48;2;109;118;144m▀[38;2;109;119;146m[48;2;109;119;146m▀[38;2;109;119;146m[48;2;108;118;145m▀[38;2;109;119;146m[48;2;108;118;145m▀[38;2;110;120;147m[48;2;110;122;148m▀[38;2;109;121;147m[48;2;110;120;147m▀[38;2;109;121;146m[48;2;111;123;149m▀[38;2;115;128;157m[48;2;109;121;148m▀[38;2;115;128;157m[48;2;109;121;148m▀[38;2;92;97;104m[48;2;78;76;63m▀[38;2;34;29;20m[48;2;42;37;28m▀[38;2;59;55;42m[48;2;26;21;25m▀[38;2;96;96;90m[48;2;64;62;56m▀[38;2;96;96;90m[48;2;64;62;56m▀[38;2;196;196;202m[48;2;133;134;132m▀[38;2;232;228;238m[48;2;216;213;222m▀[38;2;235;232;237m[48;2;236;232;239m▀[38;2;236;232;237m[48;2;234;230;236m▀[38;2;236;232;237m[48;2;234;230;236m▀[38;2;238;233;239m[48;2;235;230;236m▀[38;2;238;233;238m[48;2;234;230;235m▀[38;2;234;231;236m[48;2;232;227;233m▀[38;2;235;229;238m[48;2;222;216;220m▀[38;2;235;229;238m[48;2;222;216;220m▀[38;2;229;226;236m[48;2;214;210;213m▀[38;2;101;101;103m[48;2;98;100;103m▀[38;2;31;36;48m[48;2;79;93;119m▀[38;2;86;101;126m[48;2;101;115;143m▀[38;2;86;101;126m[48;2;101;115;143m▀[38;2;92;106;132m[48;2;88;100;126m▀[38;2;83;96;122m[48;2;85;97;122m▀[38;2;91;103;125m[48;2;87;98;123m▀[38;2;110;87;52m[48;2;51;39;28m▀[38;2;110;87;52m[48;2;51;39;28m▀[38;2;117;85;40m[48;2;92;64;28m▀[38;2;93;70;36m[48;2;111;79;35m▀[38;2;63;44;22m[48;2;107;78;33m▀[38;2;52;35;19m[48;2;78;54;21m▀[38;2;52;35;19m[48;2;78;54;21m▀[38;2;47;34;22m[48;2;52;32;12m▀[38;2;39;30;22m[48;2;47;28;10m▀[38;2;39;31;24m[48;2;40;27;12m▀[38;2;42;34;26m[48;2;35;27;15m▀[38;2;42;34;26m[48;2;35;27;15m▀[38;2;39;31;24m[48;2;31;24;16m▀[38;2;35;27;22m[48;2;36;28;21m▀[38;2;32;26;20m[48;2;40;35;28m▀[0m
[38;2;112;124;150m[48;2;111;123;149m▀[38;2;112;124;150m[48;2;111;123;149m▀[38;2;109;120;147m[48;2;108;119;146m▀[38;2;109;117;143m[48;2;107;115;142m▀[38;2;108;117;143m[48;2;107;115;141m▀[38;2;106;118;144m[48;2;104;116;142m▀[38;2;106;118;144m[48;2;104;116;142m▀[38;2;108;120;146m[48;2;108;118;145m▀[38;2;107;118;144m[48;2;106;118;143m▀[38;2;115;127;154m[48;2;114;127;156m▀[38;2;90;99;118m[48;2;62;68;86m▀[38;2;90;99;118m[48;2;62;68;86m▀[38;2;45;40;31m[48;2;27;24;23m▀[38;2;34;31;29m[48;2;44;44;42m▀[38;2;32;29;33m[48;2;27;24;25m▀[38;2;65;64;58m[48;2;78;78;69m▀[38;2;65;64;58m[48;2;78;78;69m▀[38;2;113;111;100m[48;2;117;115;98m▀[38;2;207;203;205m[48;2;210;205;200m▀[38;2;232;224;232m[48;2;226;218;223m▀[38;2;227;220;224m[48;2;227;221;226m▀[38;2;227;220;224m[48;2;227;221;226m▀[38;2;229;221;226m[48;2;229;221;227m▀[38;2;231;224;228m[48;2;230;223;228m▀[38;2;218;212;212m[48;2;211;205;202m▀[38;2;216;211;213m[48;2;216;211;213m▀[38;2;216;211;213m[48;2;216;211;213m▀[38;2;220;217;225m[48;2;174;172;168m▀[38;2;90;94;98m[48;2;79;82;90m▀[38;2;77;91;117m[48;2;89;103;131m▀[38;2;100;113;140m[48;2;91;105;134m▀[38;2;100;113;140m[48;2;91;105;134m▀[38;2;83;95;122m[48;2;86;97;120m▀[38;2;74;87;116m[48;2;121;124;123m▀[38;2;95;104;122m[48;2;151;148;131m▀[38;2;51;45;45m[48;2;158;155;138m▀[38;2;51;45;45m[48;2;158;155;138m▀[38;2;56;45;38m[48;2;159;157;145m▀[38;2;108;89;61m[48;2;157;157;147m▀[38;2;130;109;74m[48;2;162;163;155m▀[38;2;135;115;84m[48;2;168;170;165m▀[38;2;135;115;84m[48;2;168;170;165m▀[38;2;129;114;92m[48;2;173;175;171m▀[38;2;123;112;100m[48;2;182;183;184m▀[38;2;131;122;114m[48;2;181;183;185m▀[38;2;136;133;128m[48;2;185;187;195m▀[38;2;136;133;128m[48;2;185;187;195m▀[38;2;148;147;147m[48;2;195;196;205m▀[38;2;166;165;166m[48;2;207;198;183m▀[38;2;181;173;159m[48;2;219;204;175m▀[0m
[38;2;109;120;147m[48;2;106;117;144m▀[38;2;109;120;147m[48;2;106;117;144m▀[38;2;107;117;144m[48;2;103;114;141m▀[38;2;106;114;141m[48;2;105;112;139m▀[38;2;106;114;140m[48;2;104;112;138m▀[38;2;103;113;140m[48;2;100;112;137m▀[38;2;103;113;140m[48;2;100;112;137m▀[38;2;106;118;143m[48;2;103;115;141m▀[38;2;102;115;144m[48;2;117;125;145m▀[38;2;119;126;140m[48;2;151;143;116m▀[38;2;129;126;111m[48;2;166;157;123m▀[38;2;129;126;111m[48;2;166;157;123m▀[38;2;113;109;95m[48;2;172;162;129m▀[38;2;110;108;90m[48;2;183;171;146m▀[38;2;88;83;74m[48;2;234;223;222m▀[38;2;90;85;81m[48;2;239;229;232m▀[38;2;90;85;81m[48;2;239;229;232m▀[38;2;31;24;18m[48;2;194;184;179m▀[38;2;156;148;132m[48;2;208;197;191m▀[38;2;236;230;236m[48;2;236;229;235m▀[38;2;229;224;230m[48;2;231;224;231m▀[38;2;229;224;230m[48;2;231;224;231m▀[38;2;234;227;233m[48;2;233;226;230m▀[38;2;231;225;230m[48;2;232;226;231m▀[38;2;211;205;206m[48;2;206;201;197m▀[38;2;194;189;181m[48;2;178;170;151m▀[38;2;194;189;181m[48;2;178;170;151m▀[38;2;95;89;73m[48;2;185;177;166m▀[38;2;54;56;65m[48;2;100;102;107m▀[38;2;85;100;130m[48;2;123;130;144m▀[38;2;111;119;137m[48;2;181;179;171m▀[38;2;111;119;137m[48;2;181;179;171m▀[38;2;158;157;147m[48;2;170;167;156m▀[38;2;165;161;145m[48;2;166;164;158m▀[38;2;158;155;145m[48;2;171;167;163m▀[38;2;159;157;148m[48;2;169;166;163m▀[38;2;159;157;148m[48;2;169;166;163m▀[38;2;158;157;151m[48;2;169;168;166m▀[38;2;159;158;155m[48;2;175;173;175m▀[38;2;164;163;162m[48;2;181;179;181m▀[38;2;168;167;167m[48;2;178;177;179m▀[38;2;168;167;167m[48;2;178;177;179m▀[38;2;171;170;171m[48;2;182;181;182m▀[38;2;173;173;174m[48;2;188;186;189m▀[38;2;175;175;180m[48;2;202;199;198m▀[38;2;188;187;190m[48;2;214;201;180m▀[38;2;188;187;190m[48;2;214;201;180m▀[38;2;205;193;178m[48;2;214;200;176m▀[38;2;210;196;170m[48;2;217;205;185m▀[38;2;216;204;183m[48;2;198;188;171m▀[0m
[38;2;103;115;141m[48;2;102;114;140m▀[38;2;103;115;141m[48;2;102;114;140m▀[38;2;102;113;138m[48;2;103;115;140m▀[38;2;101;111;135m[48;2;99;110;136m▀[38;2;100;109;134m[48;2;97;108;133m▀[38;2;103;115;141m[48;2;102;113;138m▀[38;2;103;115;141m[48;2;102;113;138m▀[38;2;76;84;99m[48;2;96;105;129m▀[38;2;97;94;82m[48;2;36;37;43m▀[38;2;165;157;129m[48;2;49;47;40m▀[38;2;171;162;134m[48;2;142;133;110m▀[38;2;171;162;134m[48;2;142;133;110m▀[38;2;179;168;145m[48;2;231;220;213m▀[38;2;229;220;224m[48;2;250;240;246m▀[38;2;240;228;237m[48;2;241;231;237m▀[38;2;238;226;229m[48;2;236;225;230m▀[38;2;238;226;229m[48;2;236;225;230m▀[38;2;246;234;238m[48;2;234;223;227m▀[38;2;241;229;232m[48;2;236;224;227m▀[38;2;236;224;224m[48;2;236;224;225m▀[38;2;236;225;226m[48;2;236;224;223m▀[38;2;236;225;226m[48;2;236;224;223m▀[38;2;235;226;229m[48;2;236;224;222m▀[38;2;231;223;229m[48;2;234;223;221m▀[38;2;209;203;201m[48;2;229;219;218m▀[38;2;230;224;227m[48;2;231;222;224m▀[38;2;230;224;227m[48;2;231;222;224m▀[38;2;235;230;238m[48;2;216;209;215m▀[38;2;194;190;194m[48;2;195;192;196m▀[38;2;187;184;181m[48;2;182;180;178m▀[38;2;176;173;168m[48;2;184;180;178m▀[38;2;176;173;168m[48;2;184;180;178m▀[38;2;176;173;169m[48;2;188;184;182m▀[38;2;177;173;170m[48;2;189;186;186m▀[38;2;177;175;173m[48;2;189;186;188m▀[38;2;178;177;176m[48;2;194;192;193m▀[38;2;178;177;176m[48;2;194;192;193m▀[38;2;185;183;184m[48;2;193;191;192m▀[38;2;187;185;188m[48;2;191;190;193m▀[38;2;185;183;186m[48;2;195;192;196m▀[38;2;187;185;187m[48;2;204;201;207m▀[38;2;187;185;187m[48;2;204;201;207m▀[38;2;195;193;196m[48;2;217;210;203m▀[38;2;213;206;201m[48;2;213;197;176m▀[38;2;214;200;178m[48;2;211;198;181m▀[38;2;213;200;181m[48;2;218;206;186m▀[38;2;213;200;181m[48;2;218;206;186m▀[38;2;219;208;188m[48;2;208;199;176m▀[38;2;197;188;168m[48;2;84;81;68m▀[38;2;91;86;68m[48;2;37;29;20m▀[0m
[38;2;101;111;136m[48;2;101;111;137m▀[38;2;101;111;136m[48;2;101;111;137m▀[38;2;101;113;139m[48;2;100;111;137m▀[38;2;98;110;136m[48;2;98;108;133m▀[38;2;96;107;132m[48;2;97;106;131m▀[38;2;96;106;131m[48;2;96;105;130m▀[38;2;96;106;131m[48;2;96;105;130m▀[38;2;108;120;147m[48;2;101;112;137m▀[38;2;60;64;77m[48;2;43;45;53m▀[38;2;5;0;1m[48;2;49;49;50m▀[38;2;31;24;22m[48;2;55;57;57m▀[38;2;31;24;22m[48;2;55;57;57m▀[38;2;94;85;72m[48;2;4;0;0m▀[38;2;161;152;137m[48;2;19;11;9m▀[38;2;224;213;205m[48;2;63;56;44m▀[38;2;247;235;235m[48;2;136;127;110m▀[38;2;247;235;235m[48;2;136;127;110m▀[38;2;243;232;236m[48;2;207;196;182m▀[38;2;236;224;228m[48;2;243;231;225m▀[38;2;235;223;225m[48;2;245;233;233m▀[38;2;235;223;225m[48;2;236;225;227m▀[38;2;235;223;225m[48;2;236;225;227m▀[38;2;235;223;225m[48;2;232;220;223m▀[38;2;235;224;222m[48;2;234;222;223m▀[38;2;235;224;218m[48;2;234;223;221m▀[38;2;232;220;217m[48;2;233;222;220m▀[38;2;232;220;217m[48;2;233;222;220m▀[38;2;225;214;211m[48;2;231;220;215m▀[38;2;208;202;197m[48;2;231;220;210m▀[38;2;197;193;191m[48;2;228;216;204m▀[38;2;193;190;190m[48;2;220;211;202m▀[38;2;193;190;190m[48;2;220;211;202m▀[38;2;199;195;199m[48;2;212;206;204m▀[38;2;198;195;198m[48;2;206;203;209m▀[38;2;198;197;200m[48;2;203;202;210m▀[38;2;198;196;200m[48;2;202;201;207m▀[38;2;198;196;200m[48;2;202;201;207m▀[38;2;196;195;200m[48;2;206;204;211m▀[38;2;201;200;206m[48;2;215;211;220m▀[38;2;213;210;217m[48;2;226;217;212m▀[38;2;219;211;204m[48;2;214;202;181m▀[38;2;219;211;204m[48;2;214;202;181m▀[38;2;212;198;178m[48;2;214;204;189m▀[38;2;213;201;184m[48;2;217;205;185m▀[38;2;217;205;186m[48;2;213;203;179m▀[38;2;210;202;179m[48;2;97;93;82m▀[38;2;210;202;179m[48;2;97;93;82m▀[38;2;89;85;75m[48;2;12;2;1m▀[38;2;18;9;8m[48;2;21;13;11m▀[38;2;29;21;20m[48;2;20;13;12m▀[0m
[38;2;86;95;117m[48;2;41;37;33m▀[38;2;86;95;117m[48;2;41;37;33m▀[38;2;101;113;140m[48;2;62;64;62m▀[38;2;100;111;137m[48;2;77;85;106m▀[38;2;96;106;131m[48;2;91;103;128m▀[38;2;94;105;130m[48;2;84;96;120m▀[38;2;94;105;130m[48;2;84;96;120m▀[38;2;100;112;138m[48;2;83;96;119m▀[38;2;40;41;48m[48;2;53;63;77m▀[38;2;65;65;66m[48;2;62;73;87m▀[38;2;145;149;147m[48;2;87;100;115m▀[38;2;145;149;147m[48;2;87;100;115m▀[38;2;53;53;47m[48;2;67;81;96m▀[38;2;19;14;15m[48;2;65;81;98m▀[38;2;14;7;9m[48;2;74;89;108m▀[38;2;9;0;0m[48;2;72;83;98m▀[38;2;9;0;0m[48;2;72;83;98m▀[38;2;34;25;13m[48;2;45;50;60m▀[38;2;101;92;73m[48;2;20;17;23m▀[38;2;180;170;153m[48;2;19;12;8m▀[38;2;231;220;211m[48;2;62;52;38m▀[38;2;231;220;211m[48;2;62;52;38m▀[38;2;244;233;231m[48;2;140;130;112m▀[38;2;238;226;225m[48;2;210;199;183m▀[38;2;232;221;220m[48;2;239;227;219m▀[38;2;230;219;217m[48;2;236;226;221m▀[38;2;230;219;217m[48;2;236;226;221m▀[38;2;229;219;215m[48;2;227;216;210m▀[38;2;228;216;211m[48;2;226;215;209m▀[38;2;228;216;205m[48;2;226;217;207m▀[38;2;227;216;200m[48;2;226;214;202m▀[38;2;227;216;200m[48;2;226;214;202m▀[38;2;222;211;190m[48;2;224;212;196m▀[38;2;220;210;197m[48;2;220;207;183m▀[38;2;215;211;216m[48;2;223;207;187m▀[38;2;211;211;220m[48;2;222;215;214m▀[38;2;211;211;220m[48;2;222;215;214m▀[38;2;217;215;224m[48;2;228;225;232m▀[38;2;227;220;219m[48;2;226;214;198m▀[38;2;220;207;187m[48;2;219;206;186m▀[38;2;216;206;189m[48;2;219;205;186m▀[38;2;216;206;189m[48;2;219;205;186m▀[38;2;217;204;184m[48;2;217;205;177m▀[38;2;215;203;178m[48;2;118;113;96m▀[38;2;107;102;89m[48;2;13;6;3m▀[38;2;12;5;3m[48;2;18;9;6m▀[38;2;12;5;3m[48;2;18;9;6m▀[38;2;20;12;10m[48;2;18;9;6m▀[38;2;20;12;10m[48;2;17;9;7m▀[38;2;18;11;10m[48;2;16;10;9m▀[0m
[38;2;32;28;26m[48;2;54;65;85m▀[38;2;32;28;26m[48;2;54;65;85m▀[38;2;62;67;74m[48;2;104;121;151m▀[38;2;87;98;122m[48;2;119;132;163m▀[38;2;89;104;129m[48;2;124;134;163m▀[38;2;78;94;116m[48;2;127;136;165m▀[38;2;78;94;116m[48;2;127;136;165m▀[38;2;79;94;118m[48;2;127;136;165m▀[38;2;86;102;127m[48;2;128;137;166m▀[38;2;87;103;128m[48;2;133;143;171m▀[38;2;89;104;129m[48;2;139;148;176m▀[38;2;89;104;129m[48;2;139;148;176m▀[38;2;102;116;142m[48;2;136;145;173m▀[38;2;110;123;150m[48;2;132;140;168m▀[38;2;111;124;151m[48;2;136;143;171m▀[38;2;112;126;154m[48;2;145;151;179m▀[38;2;112;126;154m[48;2;145;151;179m▀[38;2;111;127;153m[48;2;148;154;180m▀[38;2;106;120;145m[48;2;147;154;182m▀[38;2;87;99;120m[48;2;141;150;179m▀[38;2;56;62;77m[48;2;129;142;170m▀[38;2;56;62;77m[48;2;129;142;170m▀[38;2;32;31;37m[48;2;115;130;155m▀[38;2;48;41;34m[48;2;86;100;123m▀[38;2;105;94;76m[48;2;54;61;76m▀[38;2;182;170;149m[48;2;46;45;47m▀[38;2;182;170;149m[48;2;46;45;47m▀[38;2;228;216;197m[48;2;85;79;65m▀[38;2;234;222;207m[48;2;151;141;117m▀[38;2;226;215;204m[48;2;208;195;170m▀[38;2;225;214;203m[48;2;227;214;194m▀[38;2;225;214;203m[48;2;227;214;194m▀[38;2;224;213;196m[48;2;228;216;199m▀[38;2;222;211;192m[48;2;223;211;191m▀[38;2;220;206;185m[48;2;219;206;181m▀[38;2;224;209;189m[48;2;226;211;186m▀[38;2;224;209;189m[48;2;226;211;186m▀[38;2;228;219;214m[48;2;244;231;218m▀[38;2;221;206;182m[48;2;235;218;196m▀[38;2;221;206;183m[48;2;227;213;188m▀[38;2;223;209;182m[48;2;129;123;102m▀[38;2;223;209;182m[48;2;129;123;102m▀[38;2;122;116;97m[48;2;12;4;2m▀[38;2;11;3;0m[48;2;25;21;24m▀[38;2;13;7;3m[48;2;41;47;57m▀[38;2;23;21;24m[48;2;46;56;70m▀[38;2;23;21;24m[48;2;46;56;70m▀[38;2;27;25;31m[48;2;48;57;72m▀[38;2;22;18;21m[48;2;41;49;63m▀[38;2;17;11;13m[48;2;36;40;53m▀[0m
[38;2;100;116;144m[48;2;75;90;115m▀[38;2;100;116;144m[48;2;75;90;115m▀[38;2;79;94;120m[48;2;58;74;98m▀[38;2;99;113;139m[48;2;111;124;151m▀[38;2;137;146;174m[48;2;144;152;179m▀[38;2;141;149;178m[48;2;144;152;180m▀[38;2;141;149;178m[48;2;144;152;180m▀[38;2;140;147;176m[48;2;141;150;178m▀[38;2;138;147;176m[48;2;138;146;176m▀[38;2;136;145;174m[48;2;145;153;181m▀[38;2;136;145;174m[48;2;161;167;193m▀[38;2;136;145;174m[48;2;161;167;193m▀[38;2;146;153;181m[48;2;169;173;199m▀[38;2;163;168;195m[48;2;143;152;178m▀[38;2;165;171;197m[48;2;112;125;152m▀[38;2;143;152;179m[48;2;126;137;164m▀[38;2;143;152;179m[48;2;126;137;164m▀[38;2;125;138;166m[48;2;156;164;190m▀[38;2;131;141;171m[48;2;174;178;203m▀[38;2;141;149;177m[48;2;176;180;204m▀[38;2;144;150;177m[48;2;174;178;203m▀[38;2;144;150;177m[48;2;174;178;203m▀[38;2;141;149;175m[48;2;175;179;203m▀[38;2;140;150;176m[48;2;173;178;202m▀[38;2;135;147;173m[48;2;169;172;197m▀[38;2;123;135;163m[48;2;158;164;190m▀[38;2;123;135;163m[48;2;158;164;190m▀[38;2;102;111;136m[48;2;159;166;193m▀[38;2;70;73;83m[48;2;159;168;194m▀[38;2;70;66;59m[48;2;125;133;159m▀[38;2;122;113;92m[48;2;69;75;90m▀[38;2;122;113;92m[48;2;69;75;90m▀[38;2;190;179;155m[48;2;77;73;57m▀[38;2;225;213;194m[48;2;174;161;135m▀[38;2;237;225;208m[48;2;172;164;163m▀[38;2;218;207;201m[48;2;92;86;77m▀[38;2;218;207;201m[48;2;92;86;77m▀[38;2;139;129;124m[48;2;95;91;70m▀[38;2;176;167;159m[48;2;135;131;100m▀[38;2;158;150;131m[48;2;73;65;43m▀[38;2;17;9;6m[48;2;54;57;73m▀[38;2;17;9;6m[48;2;54;57;73m▀[38;2;25;24;31m[48;2;99;114;139m▀[38;2;76;88;108m[48;2;65;78;96m▀[38;2;87;101;125m[48;2;73;88;108m▀[38;2;67;80;98m[48;2;90;105;131m▀[38;2;67;80;98m[48;2;90;105;131m▀[38;2;52;63;79m[48;2;79;93;116m▀[38;2;55;66;83m[48;2;54;66;84m▀[38;2;54;64;82m[48;2;57;69;87m▀[0m
[38;2;56;71;97m[48;2;69;85;111m▀[38;2;56;71;97m[48;2;69;85;111m▀[38;2;82;97;124m[48;2;111;125;154m▀[38;2;135;145;174m[48;2;122;133;164m▀[38;2;146;154;181m[48;2;135;145;174m▀[38;2;146;155;183m[48;2;148;157;185m▀[38;2;146;155;183m[48;2;148;157;185m▀[38;2;148;156;184m[48;2;159;165;193m▀[38;2;157;162;190m[48;2;158;164;193m▀[38;2;166;171;198m[48;2;130;141;172m▀[38;2;150;159;186m[48;2;131;142;170m▀[38;2;150;159;186m[48;2;131;142;170m▀[38;2;121;133;160m[48;2;163;169;195m▀[38;2;126;138;163m[48;2;168;173;201m▀[38;2;166;172;197m[48;2;137;146;175m▀[38;2;180;183;209m[48;2;117;130;160m▀[38;2;180;183;209m[48;2;117;130;160m▀[38;2;167;172;199m[48;2;122;134;164m▀[38;2;152;159;186m[48;2;144;152;182m▀[38;2;151;158;185m[48;2;163;169;196m▀[38;2;159;165;191m[48;2;167;172;200m▀[38;2;159;165;191m[48;2;167;172;200m▀[38;2;161;166;193m[48;2;165;170;198m▀[38;2;156;163;189m[48;2;163;168;195m▀[38;2;154;160;187m[48;2;164;170;196m▀[38;2;152;159;186m[48;2;164;170;196m▀[38;2;152;159;186m[48;2;164;170;196m▀[38;2;151;158;185m[48;2;159;166;193m▀[38;2;149;155;182m[48;2;158;165;193m▀[38;2;152;159;186m[48;2;157;163;192m▀[38;2;147;157;186m[48;2;152;159;187m▀[38;2;147;157;186m[48;2;152;159;187m▀[38;2;112;123;145m[48;2;141;151;179m▀[38;2;88;89;86m[48;2;115;130;158m▀[38;2;90;82;59m[48;2;85;95;115m▀[38;2;100;93;66m[48;2;64;68;84m▀[38;2;100;93;66m[48;2;64;68;84m▀[38;2;96;88;65m[48;2;67;74;93m▀[38;2;57;47;35m[48;2;78;88;110m▀[38;2;28;23;28m[48;2;92;107;130m▀[38;2;122;130;154m[48;2;124;137;162m▀[38;2;122;130;154m[48;2;124;137;162m▀[38;2;135;147;176m[48;2;133;143;171m▀[38;2;91;105;130m[48;2;116;129;156m▀[38;2;65;79;100m[48;2;97;111;138m▀[38;2;62;75;95m[48;2;70;85;108m▀[38;2;62;75;95m[48;2;70;85;108m▀[38;2;79;94;117m[48;2;54;67;88m▀[38;2;79;93;118m[48;2;66;81;103m▀[38;2;59;72;92m[48;2;76;91;117m▀[0m
[38;2;92;108;138m[48;2;86;102;133m▀[38;2;92;108;138m[48;2;86;102;133m▀[38;2;106;121;151m[48;2;106;120;151m▀[38;2;120;132;162m[48;2;139;148;179m▀[38;2;141;150;179m[48;2;152;160;189m▀[38;2;155;163;191m[48;2;133;144;175m▀[38;2;155;163;191m[48;2;133;144;175m▀[38;2;142;152;181m[48;2;127;139;168m▀[38;2;126;137;168m[48;2;162;169;196m▀[38;2;153;160;190m[48;2;143;152;182m▀[38;2;165;171;198m[48;2;91;107;137m▀[38;2;165;171;198m[48;2;91;107;137m▀[38;2;127;139;166m[48;2;102;117;147m▀[38;2;99;114;143m[48;2;158;166;192m▀[38;2;116;129;158m[48;2;177;181;207m▀[38;2;150;158;186m[48;2;175;179;205m▀[38;2;150;158;186m[48;2;175;179;205m▀[38;2;168;174;201m[48;2;170;175;201m▀[38;2;170;175;202m[48;2;166;172;198m▀[38;2;168;174;201m[48;2;166;172;201m▀[38;2;168;173;201m[48;2;163;169;197m▀[38;2;168;173;201m[48;2;163;169;197m▀[38;2;164;169;197m[48;2;160;167;195m▀[38;2;162;168;195m[48;2;161;167;195m▀[38;2;161;168;196m[48;2;160;167;195m▀[38;2;159;166;194m[48;2;159;166;194m▀[38;2;159;166;194m[48;2;159;166;194m▀[38;2;159;165;192m[48;2;159;166;194m▀[38;2;158;164;193m[48;2;156;163;192m▀[38;2;158;164;194m[48;2;155;163;191m▀[38;2;158;165;193m[48;2;159;167;195m▀[38;2;158;165;193m[48;2;159;167;195m▀[38;2;152;160;188m[48;2;159;166;195m▀[38;2;140;148;176m[48;2;153;160;189m▀[38;2;125;137;165m[48;2;137;146;176m▀[38;2;125;139;167m[48;2;117;128;158m▀[38;2;125;139;167m[48;2;117;128;158m▀[38;2;126;139;167m[48;2;116;127;156m▀[38;2;130;142;170m[48;2;115;129;157m▀[38;2;120;133;160m[48;2;122;133;162m▀[38;2;99;114;140m[48;2;120;131;160m▀[38;2;99;114;140m[48;2;120;131;160m▀[38;2;105;119;146m[48;2;107;121;148m▀[38;2;109;123;150m[48;2;102;117;144m▀[38;2;97;112;138m[48;2;96;111;138m▀[38;2;96;111;139m[48;2;79;95;122m▀[38;2;96;111;139m[48;2;79;95;122m▀[38;2;77;93;118m[48;2;93;109;137m▀[38;2;54;68;90m[48;2;76;91;117m▀[38;2;61;77;101m[48;2;58;73;98m▀[0m
